00000000001001000000000111111100
00000000000110010000001000000001
00000000000110110000001100000000
11111111111111111111111111111000
00000000000110010000010000000010
00000000000100110000010000001010
00000000000011110000001000001010
00000000000010110000001100001010
00000000000000010000001100000100
00000000000101110000001000000000
00000000100000000001000000000101
00000000000001010000000100000011
00000000000101110000000100000000
00000000100000000001010000010010
00000000001010111111110100000000
11111111111111111111111111111100
11111111111111111111111111110100
00000000001010111111110100000001
11111111111111111111111111111100
