00000000001001000000000111111100
00000000001001000000001011111100
00000000001001000000001111111100
11111111111111111111111111111000
00000000000101010000000100000010
00000000100000000001100000001101
00000000000101010000001000000011
00000000100000000001100000010010
00000000000101010000000100000010
00000000100000000010010000010111
00000000100000000001100000000101
11111111111111111111111111110000
00000000000110010000000000000010
00000000000110010000001000000001
00000000000110010000000100000000
00000000100000000000100000000101
11111111111111111111111111101100
00000000000110010000000000000011
00000000000110010000001100000010
00000000000110010000001000000000
00000000100000000000100000000101
11111111111111111111111111101000
00000000000101010000001000000011
00000000100000000010010000011011
00000000100000000001100000000101
11111111111111111111111111100100
00000000001010001111110100000001
00000000001010001111110100000010
00000000001010001111110100000011
11111111111111111111111111111100
